sin(83.4555) = 0.979397
sin(39.489) = 0.976091
sin(45.8482) = 0.956761
sin(19.5621) = 0.653768
sin(36.085) = -0.99906
sin(69.6) = 0.466163
sin(31.1719) = -0.241605
sin(36.1517) = -0.999726
sin(20.0324) = 0.925702
sin(30.8262) = -0.556094
