sqrt(19.4013) = 4.40469
sqrt(81.2475) = 9.01374
sqrt(77.5194) = 8.80451
sqrt(68.542) = 8.27901
sqrt(93.4846) = 9.66874
sqrt(64.4873) = 8.0304
sqrt(91.7658) = 9.57945
sqrt(68.2877) = 8.26363
sqrt(53.7056) = 7.32841
sqrt(4.92381) = 2.21897
